dim 100 105 100
putbox 21 50 63 92 1 30 0.98 0.84 0.01 1.0
cutbox 22 49 64 91 2 29 0.98 0.84 0.01 1.0
putbox 23 48 92 94 3 28 0.98 0.84 0.01 1.0
putbox 25 46 94 96 5 26 0.98 0.84 0.01 1.0
putbox 23 48 61 63 3 28 0.98 0.84 0.01 1.0
putbox 25 46 59 60 5 26 0.98 0.84 0.01 1.0
putbox 27 44 99 100 9 10 1.0 1.0 1.0 1.0
putbox 25 26 97 98 9 10 1.0 1.0 1.0 1.0
putbox 23 24 95 96 9 10 1.0 1.0 1.0 1.0
putbox 45 46 97 98 9 10 1.0 1.0 1.0 1.0
putbox 47 48 95 96 9 10 1.0 1.0 1.0 1.0
putbox 27 44 99 100 20 21 1.0 1.0 1.0 1.0
putbox 25 26 97 98 20 21 1.0 1.0 1.0 1.0
putbox 23 24 95 96 20 21 1.0 1.0 1.0 1.0
putbox 45 46 97 98 20 21 1.0 1.0 1.0 1.0
putbox 47 48 95 96 20 21 1.0 1.0 1.0 1.0
putbox 24 32 78 86 30 30 0.9 0.9 0.9 0.9 
putbox 27 29 81 83 30 30 1.0 1.0 1.0 1.0  
putbox 39 47 78 86 30 30 0.9 0.9 0.9 0.9 
putbox 42 44 81 83 30 30 1.0 1.0 1.0 1.0 
putbox 33 38 71 77 30 32 0.83 0.78 0.024 0.988 
putbox 18 20 78 83 17 20 0.831 0.788 0.024 0.988
putbox 51 53 78 83 17 20 0.831 0.788 0.024 0.988  
putbox 21 50 63 70 28 30 0.82 0.64 0.44 1.0
putbox 21 50 63 67 26 28 0.82 0.64 0.44 1.0
putbox 21 50 63 65 24 25 0.82 0.64 0.44 1.0
putbox 23 48 61 63 22 28 0.82 0.64 0.44 1.0
putbox 25 46 59 60 20 26 0.82 0.64 0.44 1.0 
putbox 30 41 66 66 30 30 1.0 1.0 1.0 1.0 
putsphere 35 40 16 20 0.9 0.9 0.9 0.9
cutbox 15 55 20 60 96 100 1.0 1.0 1.0 1.0
cutsphere 35 40 18 17 0.9 0.9 0.9 0.9
putbox 49 61 49 55 10 18 0.9 0.9 0.9 0.9
cutbox 50 60 50 51 11 17 0.9 0.9 0.9 0.9
putbox 9 21 49 55 10 18 0.9 0.9 0.9 0.9 
cutbox 10 20 50 51 11 17 0.9 0.9 0.9 0.9  
cutbox 9 9 53 55 10 18 0.9 0.9 0.9 0.9 
cutbox 61 61 53 55 10 18 0.9 0.9 0.9 0.9 
cutbox 10 10 54 55 10 18 0.9 0.9 0.9 0.9 
cutbox 60 60 54 55 10 18 0.9 0.9 0.9 0.9 
cutbox 11 11 55 55 10 18 0.9 0.9 0.9 0.9 
cutbox 59 59 55 55 10 18 0.9 0.9 0.9 0.9 
putbox 52 61 20 48 10 18 0.984 0.847 0.01 1.0
putbox 53 60 21 47 11 17 0.984 0.847 0.01 1.0
putbox 9 18 20 48 10 18 0.984 0.847 0.01 1.0
putbox 10 17 21 47 11 17 0.984 0.847 0.01 1.0 